tileswide 44
tileshigh 22
tilewidth 16
tileheight 16

layer 0
-1,-1,-1,-1,-1,-1,-1,-1,-1,-1,-1,-1,-1,-1,-1,-1,-1,-1,-1,-1,-1,-1,-1,-1,-1,-1,-1,-1,-1,120,121,40,124,125,122,123,-1,-1,-1,-1,-1,-1,-1,-1,
122,123,-1,-1,-1,-1,-1,-1,-1,-1,-1,-1,-1,-1,-1,-1,-1,-1,-1,-1,-1,-1,-1,-1,-1,-1,-1,-1,120,121,40,40,40,40,40,112,-1,-1,-1,-1,-1,-1,-1,-1,
40,122,123,-1,-1,-1,-1,-1,-1,-1,-1,-1,-1,-1,-1,-1,-1,-1,-1,-1,-1,-1,-1,-1,-1,-1,-1,120,121,40,40,40,40,40,40,112,-1,-1,-1,-1,-1,-1,-1,-1,
40,40,122,123,-1,-1,-1,-1,-1,-1,-1,-1,-1,-1,-1,-1,-1,-1,-1,-1,-1,-1,-1,-1,-1,-1,-1,111,40,40,121,40,40,40,40,122,123,-1,-1,-1,-1,-1,-1,-1,
40,40,40,122,123,-1,-1,-1,-1,-1,-1,-1,-1,-1,-1,-1,-1,-1,-1,-1,-1,-1,-1,-1,-1,-1,-1,111,40,40,40,40,40,40,40,40,122,123,-1,-1,-1,-1,-1,-1,
40,104,105,40,112,-1,-1,-1,-1,-1,-1,-1,-1,-1,-1,-1,-1,-1,-1,-1,-1,-1,-1,-1,-1,-1,-1,111,40,40,40,40,102,40,40,40,40,122,123,-1,-1,-1,-1,-1,
40,114,115,40,122,123,-1,-1,-1,-1,-1,-1,-1,-1,-1,-1,-1,-1,-1,-1,-1,-1,-1,-1,-1,-1,120,121,40,40,40,40,40,40,40,40,40,40,112,-1,-1,-1,-1,-1,
40,114,115,40,51,122,123,-1,-1,-1,-1,-1,-1,-1,-1,-1,-1,-1,-1,-1,-1,-1,-1,-1,-1,120,121,40,40,40,40,40,40,104,128,126,105,40,112,-1,-1,-1,-1,-1,
40,124,125,40,40,40,112,-1,-1,-1,-1,-1,-1,-1,-1,-1,-1,-1,-1,-1,-1,-1,-1,-1,120,121,40,40,40,104,105,40,40,114,0,0,115,40,122,123,-1,-1,-1,-1,
-1,-1,-1,-1,-1,-1,-1,-1,-1,-1,-1,-1,-1,-1,-1,-1,-1,-1,-1,-1,-1,-1,-1,120,121,40,40,40,40,114,115,40,40,124,127,127,125,40,40,112,-1,-1,-1,-1,
-1,-1,40,40,40,40,40,40,40,40,40,40,112,-1,-1,-1,-1,-1,-1,-1,-1,-1,120,121,40,40,40,40,40,124,125,40,40,40,40,40,40,40,40,112,-1,-1,-1,-1,
-1,-1,40,40,40,40,40,40,40,40,40,102,103,-1,-1,-1,-1,-1,-1,-1,-1,120,121,40,40,40,108,109,40,40,40,40,40,40,40,40,40,40,40,112,-1,-1,-1,120,
-1,-1,40,40,40,104,105,40,40,40,40,112,-1,-1,-1,-1,-1,-1,-1,-1,-1,111,40,40,40,40,118,119,40,40,40,40,40,40,40,40,40,40,40,112,-1,-1,120,121,
-1,-1,106,107,40,114,115,40,40,40,102,103,-1,-1,-1,-1,-1,-1,-1,-1,-1,111,40,40,40,40,40,40,40,40,40,122,40,40,40,40,40,40,40,112,-1,-1,111,40,
-1,-1,116,117,40,124,125,40,40,40,112,-1,-1,-1,-1,-1,-1,-1,-1,-1,120,121,40,40,40,40,104,105,40,40,40,40,40,40,104,126,128,105,40,112,-1,-1,111,40,
-1,-1,40,40,40,40,40,40,40,102,103,-1,-1,-1,-1,-1,-1,-1,-1,120,121,40,40,40,40,40,114,115,40,40,40,40,40,40,124,127,127,125,40,122,123,120,121,40,
-1,-1,40,104,105,40,40,40,102,103,-1,-1,-1,-1,-1,-1,-1,-1,-1,111,40,40,40,40,40,101,124,125,40,40,40,40,40,40,40,40,40,40,40,40,122,121,40,40,
-1,-1,40,124,125,40,40,102,103,-1,-1,-1,-1,-1,-1,-1,-1,-1,-1,111,40,40,40,40,40,40,40,40,40,40,40,40,40,40,40,40,40,40,40,40,40,40,40,40,
-1,-1,40,40,40,40,102,103,-1,-1,-1,-1,-1,-1,-1,-1,-1,-1,120,121,40,40,40,104,105,40,40,40,40,104,128,126,105,40,40,40,40,40,40,40,40,121,40,40,
-1,-1,40,40,40,40,112,-1,-1,-1,-1,-1,-1,-1,-1,-1,-1,120,121,40,40,40,40,124,125,40,40,40,40,124,127,127,125,40,40,40,40,40,40,40,40,40,40,40,
-1,104,105,40,40,102,103,0,-1,-1,-1,-1,-1,-1,-1,-1,120,121,40,40,40,40,40,40,40,40,40,40,40,40,40,40,40,40,40,40,40,40,40,40,104,105,40,40,
-1,124,125,-1,-1,-1,-1,-1,-1,-1,-1,-1,-1,-1,-1,-1,-1,-1,-1,-1,-1,-1,-1,-1,-1,-1,-1,-1,-1,-1,-1,-1,-1,-1,-1,-1,-1,-1,-1,-1,114,115,-1,-1,

layer 1
-1,-1,-1,-1,-1,-1,-1,-1,-1,-1,-1,-1,-1,-1,-1,-1,-1,-1,-1,-1,-1,-1,-1,-1,-1,-1,-1,-1,-1,-1,-1,-1,-1,-1,-1,-1,-1,-1,-1,-1,-1,-1,-1,-1,
-1,-1,-1,-1,-1,-1,-1,-1,-1,-1,-1,-1,-1,-1,-1,-1,-1,-1,-1,-1,-1,-1,-1,-1,-1,-1,-1,-1,-1,-1,-1,-1,-1,-1,-1,-1,-1,-1,-1,-1,-1,-1,-1,-1,
-1,-1,42,-1,-1,-1,-1,-1,-1,-1,-1,-1,-1,-1,-1,-1,-1,-1,-1,-1,-1,-1,-1,-1,-1,-1,-1,-1,-1,-1,-1,-1,-1,-1,-1,-1,-1,-1,-1,-1,-1,-1,-1,-1,
-1,-1,-1,-1,-1,-1,-1,-1,-1,-1,-1,-1,-1,-1,-1,-1,-1,-1,-1,-1,-1,-1,-1,-1,-1,-1,-1,-1,-1,-1,-1,-1,-1,-1,-1,-1,-1,-1,-1,-1,-1,-1,-1,-1,
-1,-1,42,-1,-1,-1,-1,-1,-1,-1,-1,-1,-1,-1,-1,-1,-1,-1,-1,-1,-1,-1,-1,-1,-1,-1,-1,-1,-1,-1,-1,-1,-1,-1,-1,-1,-1,-1,-1,-1,-1,-1,-1,-1,
-1,-1,-1,-1,-1,-1,-1,-1,-1,-1,-1,-1,-1,-1,-1,-1,-1,-1,-1,-1,-1,6,-1,-1,-1,-1,-1,-1,-1,10,-1,-1,-1,-1,-1,-1,-1,-1,-1,-1,-1,-1,-1,-1,
-1,-1,-1,-1,-1,-1,-1,-1,-1,-1,-1,-1,-1,-1,-1,-1,-1,-1,-1,-1,-1,-1,-1,-1,-1,-1,-1,-1,-1,-1,-1,-1,-1,-1,-1,-1,-1,-1,-1,-1,-1,-1,-1,-1,
-1,-1,-1,36,37,56,57,19,34,35,49,49,19,-1,-1,-1,-1,-1,-1,-1,-1,-1,-1,-1,-1,-1,-1,-1,-1,-1,-1,-1,-1,-1,-1,-1,-1,-1,-1,-1,-1,-1,-1,-1,
-1,-1,-1,-1,-1,-1,-1,-1,-1,-1,-1,-1,-1,-1,-1,-1,-1,-1,-1,-1,-1,-1,0,0,0,-1,0,0,0,-1,-1,-1,-1,-1,-1,-1,-1,-1,-1,-1,-1,-1,-1,-1,
-1,-1,-1,-1,-1,-1,-1,-1,-1,-1,-1,-1,-1,0,-1,-1,-1,-1,-1,-1,-1,10,0,0,0,0,0,0,0,6,-1,-1,-1,-1,-1,-1,-1,10,-1,-1,-1,-1,-1,-1,
-1,-1,-1,-1,-1,-1,-1,-1,-1,-1,-1,-1,-1,-1,-1,-1,-1,-1,-1,-1,-1,0,0,0,0,0,0,0,0,0,0,0,0,0,0,0,-1,-1,-1,-1,-1,-1,-1,-1,
-1,-1,70,70,71,70,71,70,71,27,70,71,72,-1,-1,-1,-1,-1,-1,0,0,0,0,0,0,0,0,0,0,0,0,0,0,0,0,0,0,-1,-1,-1,-1,-1,-1,-1,
-1,-1,42,0,0,0,0,0,0,0,0,0,0,0,0,0,0,0,0,0,0,0,0,0,0,0,0,0,0,0,0,0,0,0,0,0,0,0,-1,-1,-1,-1,-1,-1,
-1,-1,-1,0,0,0,0,0,0,0,0,0,0,0,0,0,0,-1,0,0,0,6,0,0,0,0,0,0,0,10,0,0,0,0,0,0,0,-1,-1,-1,-1,-1,-1,-1,
-1,-1,42,0,0,0,0,0,0,0,0,0,0,0,0,0,0,0,0,0,0,0,0,0,0,0,0,0,0,0,0,0,0,0,0,0,0,0,-1,-1,-1,-1,-1,-1,
-1,-1,-1,0,0,0,0,0,0,0,0,0,0,0,0,0,0,0,0,0,0,0,0,0,0,0,0,0,0,0,0,0,0,0,0,0,0,-1,-1,-1,-1,-1,-1,-1,
-1,-1,42,-1,-1,-1,-1,-1,-1,-1,-1,-1,-1,-1,0,0,0,0,0,0,0,-1,-1,-1,-1,-1,-1,-1,-1,-1,-1,-1,-1,-1,-1,-1,-1,-1,-1,-1,-1,-1,-1,-1,
-1,-1,-1,-1,-1,-1,-1,10,-1,-1,-1,-1,-1,6,0,-1,-1,-1,-1,-1,-1,10,-1,-1,-1,-1,-1,-1,-1,6,-1,-1,-1,-1,-1,-1,-1,10,-1,-1,-1,-1,-1,-1,
-1,-1,0,-1,-1,-1,-1,-1,-1,-1,-1,-1,-1,0,0,0,-1,-1,-1,-1,0,-1,-1,-1,-1,-1,-1,-1,-1,-1,-1,-1,-1,-1,-1,-1,-1,-1,-1,-1,-1,-1,-1,-1,
-1,-1,42,-1,-1,-1,-1,-1,-1,-1,-1,-1,-1,-1,-1,0,-1,-1,-1,-1,0,-1,-1,-1,-1,-1,-1,-1,-1,-1,-1,-1,-1,-1,-1,-1,-1,-1,-1,-1,-1,-1,-1,-1,
-1,-1,19,36,37,56,57,49,56,57,56,57,49,34,35,56,36,37,56,57,57,56,57,34,35,36,37,49,34,35,56,57,56,57,49,36,37,34,35,56,57,36,37,0,
-1,-1,-1,0,0,0,0,0,0,0,-1,-1,-1,-1,-1,-1,-1,-1,-1,-1,-1,-1,-1,-1,-1,-1,-1,-1,-1,-1,-1,-1,-1,-1,-1,-1,-1,-1,-1,-1,-1,-1,-1,0,

layer 2
79,77,0,0,0,0,0,0,0,0,0,0,0,0,0,0,0,0,0,0,0,0,0,0,0,0,0,0,0,0,0,0,0,0,0,0,0,0,0,0,0,0,0,76,
91,52,0,0,0,0,0,0,0,0,0,0,0,0,0,0,0,0,0,0,0,0,0,0,0,0,0,0,0,0,0,0,0,0,0,0,0,0,0,0,0,0,0,86,
51,41,0,0,0,0,0,0,0,0,0,0,0,0,0,0,0,0,0,0,0,0,0,0,0,0,0,0,0,0,0,0,0,0,0,0,0,0,0,0,0,0,0,86,
84,52,0,0,0,0,0,0,0,0,0,0,0,0,0,0,0,0,0,0,0,0,0,0,0,0,0,0,0,0,0,0,0,0,0,0,0,0,0,0,0,0,0,86,
92,41,0,0,0,0,0,0,0,0,0,0,0,0,0,0,0,0,0,0,0,0,0,0,0,0,0,0,0,0,0,0,0,0,0,0,0,0,0,0,0,0,0,86,
40,52,0,0,0,0,0,0,0,0,0,0,0,0,0,0,0,0,0,0,0,0,7,7,7,73,7,7,7,0,0,0,0,0,0,0,0,0,0,0,0,0,0,86,
51,13,14,0,0,0,0,0,0,0,0,0,0,0,0,0,0,0,0,0,0,0,0,0,0,0,0,0,0,0,0,0,0,0,0,0,0,0,0,0,0,0,0,86,
40,25,26,0,0,0,0,0,0,0,0,0,0,0,0,0,0,0,0,0,0,0,0,0,0,0,0,0,0,0,0,0,0,0,0,0,0,0,0,0,0,0,0,86,
84,52,79,47,48,66,67,89,45,46,58,46,31,0,0,0,0,0,0,0,0,0,0,0,0,0,0,0,0,0,0,0,0,0,0,0,0,0,0,0,0,0,0,86,
92,91,40,40,40,40,40,40,40,51,68,40,9,7,7,7,7,73,7,7,7,0,0,0,0,0,0,0,0,0,7,7,7,73,7,7,7,0,0,0,0,0,0,86,
40,84,60,60,61,60,61,60,61,15,60,61,62,0,0,0,0,0,0,0,0,0,0,0,0,0,0,0,0,0,0,0,0,0,0,0,0,0,0,0,0,0,0,86,
40,52,0,0,0,0,0,0,0,-1,0,0,0,0,0,0,0,0,0,0,0,0,0,0,0,0,0,0,0,0,0,0,0,0,0,0,0,0,0,0,0,0,0,86,
51,41,0,0,0,0,0,0,0,0,0,0,0,0,0,0,0,0,0,0,0,0,0,0,0,0,0,0,0,0,0,0,0,0,0,0,0,0,0,0,0,0,0,86,
40,52,0,0,0,0,0,0,0,0,0,0,0,0,0,0,0,0,0,0,0,0,7,7,7,73,7,7,7,-1,0,0,0,0,0,0,0,0,0,0,0,0,0,86,
40,41,0,0,0,0,0,0,0,0,0,0,0,0,0,0,0,0,0,0,0,0,0,0,0,0,0,0,0,0,0,0,0,0,0,0,0,0,0,0,0,0,0,86,
91,52,0,0,0,0,0,0,0,0,0,0,0,0,0,0,0,0,0,0,0,0,0,0,0,0,0,0,0,0,0,0,0,0,0,0,0,0,0,0,0,0,0,86,
40,41,0,0,0,0,0,0,0,0,0,0,0,0,0,0,0,0,0,0,0,0,0,0,0,0,0,0,0,0,0,0,-1,0,-1,0,0,0,0,0,0,0,0,86,
40,9,7,7,7,73,7,0,0,0,0,0,0,0,7,7,7,73,7,7,7,0,0,0,0,0,0,0,-1,-1,7,7,7,73,7,7,7,-1,-1,0,0,0,0,86,
51,52,0,0,0,0,0,0,0,0,0,0,0,0,0,0,0,0,0,0,0,0,0,0,0,0,0,0,0,0,0,0,0,0,0,0,0,0,0,0,0,0,0,86,
40,41,0,0,0,0,0,0,0,0,0,0,0,0,0,-1,0,0,0,0,0,0,0,0,0,0,0,0,0,0,0,0,0,0,0,0,0,0,0,0,0,0,0,86,
40,52,0,0,0,0,0,0,0,0,0,0,0,0,0,0,0,0,0,0,0,0,0,0,0,0,0,0,0,0,0,0,0,0,0,0,0,0,0,0,0,0,0,86,
83,52,88,47,48,66,67,58,66,67,66,67,58,45,46,66,47,48,66,67,67,66,67,45,46,47,48,58,45,46,66,67,66,67,58,47,48,45,46,66,67,47,48,98,

